$ 3 0.000005 10.20027730826997 50 5 50 5e-11
r 168 120 232 120 0 330
162 232 144 296 144 2 default-led 1 0 0 0.02
162 232 192 296 192 2 default-led 0 1 0 0.02
162 232 240 296 240 2 default-led 0 0 1 0.02
g 384 192 416 192 0 0
R 168 192 32 192 0 0 40 5 0 0 0.5
R 168 240 32 240 0 0 40 5 0 0 0.5
R 168 144 32 144 0 0 40 5 0 0 0.5
162 232 120 296 120 2 default-led 1 0 0 0.02
162 232 168 296 168 2 default-led 0 1 0 0.02
162 232 216 296 216 2 default-led 0 0 1 0.02
w 296 120 296 144 0
w 168 120 168 144 0
w 296 168 296 192 0
w 168 168 168 192 0
w 296 216 296 240 0
w 168 216 168 240 0
r 168 144 232 144 0 330
r 168 168 232 168 0 330
r 168 192 232 192 0 330
r 168 216 232 216 0 330
r 168 240 232 240 0 330
w 296 144 384 144 0
w 296 192 384 192 0
w 296 240 384 240 0
w 384 240 384 192 0
w 384 144 384 192 0
o 8 64 0 4099 5 0.05 0 2 8 3
38 1 F1 3 0 0.02 -1 Max\sBrightness\sCurrent
